         240
         241
         242
         244
         248
         243
         245
         246
         249
         250
         252
         247
         251
         253
         254
         255
         368
         432
         464
         480
         624
         688
         720
         736
        1136
        1200
        1232
        1248
        2160
        2224
        2256
        2272
         369
         370
         372
         376
         433
         434
         436
         440
         465
         466
         468
         472
         481
         482
         484
         488
         625
         626
         628
         632
         689
         690
         692
         696
         721
         722
         724
         728
         737
         738
         740
         744
        1137
        1138
        1140
        1144
        1201
        1202
        1204
        1208
        1233
        1234
        1236
        1240
        1249
        1250
        1252
        1256
        2161
        2162
        2164
        2168
        2225
        2226
        2228
        2232
        2257
        2258
        2260
        2264
        2273
        2274
        2276
        2280
         371
         373
         374
         377
         378
         380
         435
         437
         438
         441
         442
         444
         467
         469
         470
         473
         474
         476
         483
         485
         486
         489
         490
         492
         627
         629
         630
         633
         634
         636
         691
         693
         694
         697
         698
         700
         723
         725
         726
         729
         730
         732
         739
         741
         742
         745
         746
         748
        1139
        1141
        1142
        1145
        1146
        1148
        1203
        1205
        1206
        1209
        1210
        1212
        1235
        1237
        1238
        1241
        1242
        1244
        1251
        1253
        1254
        1257
        1258
        1260
        2163
        2165
        2166
        2169
        2170
        2172
        2227
        2229
        2230
        2233
        2234
        2236
        2259
        2261
        2262
        2265
        2266
        2268
        2275
        2277
        2278
        2281
        2282
        2284
         375
         379
         381
         382
         439
         443
         445
         446
         471
         475
         477
         478
         487
         491
         493
         494
         631
         635
         637
         638
         695
         699
         701
         702
         727
         731
         733
         734
         743
         747
         749
         750
        1143
        1147
        1149
        1150
        1207
        1211
        1213
        1214
        1239
        1243
        1245
        1246
        1255
        1259
        1261
        1262
        2167
        2171
        2173
        2174
        2231
        2235
        2237
        2238
        2263
        2267
        2269
        2270
        2279
        2283
        2285
        2286
         383
         447
         479
         495
         639
         703
         735
         751
        1151
        1215
        1247
        1263
        2175
        2239
        2271
        2287
         816
         848
         864
         912
         928
         960
        1328
        1360
        1376
        1424
        1440
        1472
        1584
        1616
        1632
        1680
        1696
        1728
        2352
        2384
        2400
        2448
        2464
        2496
        2608
        2640
        2656
        2704
        2720
        2752
        3120
        3152
        3168
        3216
        3232
        3264
         817
         818
         820
         824
         849
         850
         852
         856
         865
         866
         868
         872
         913
         914
         916
         920
         929
         930
         932
         936
         961
         962
         964
         968
        1329
        1330
        1332
        1336
        1361
        1362
        1364
        1368
        1377
        1378
        1380
        1384
        1425
        1426
        1428
        1432
        1441
        1442
        1444
        1448
        1473
        1474
        1476
        1480
        1585
        1586
        1588
        1592
        1617
        1618
        1620
        1624
        1633
        1634
        1636
        1640
        1681
        1682
        1684
        1688
        1697
        1698
        1700
        1704
        1729
        1730
        1732
        1736
        2353
        2354
        2356
        2360
        2385
        2386
        2388
        2392
        2401
        2402
        2404
        2408
        2449
        2450
        2452
        2456
        2465
        2466
        2468
        2472
        2497
        2498
        2500
        2504
        2609
        2610
        2612
        2616
        2641
        2642
        2644
        2648
        2657
        2658
        2660
        2664
        2705
        2706
        2708
        2712
        2721
        2722
        2724
        2728
        2753
        2754
        2756
        2760
        3121
        3122
        3124
        3128
        3153
        3154
        3156
        3160
        3169
        3170
        3172
        3176
        3217
        3218
        3220
        3224
        3233
        3234
        3236
        3240
        3265
        3266
        3268
        3272
         819
         821
         822
         825
         826
         828
         851
         853
         854
         857
         858
         860
         867
         869
         870
         873
         874
         876
         915
         917
         918
         921
         922
         924
         931
         933
         934
         937
         938
         940
         963
         965
         966
         969
         970
         972
        1331
        1333
        1334
        1337
        1338
        1340
        1363
        1365
        1366
        1369
        1370
        1372
        1379
        1381
        1382
        1385
        1386
        1388
        1427
        1429
        1430
        1433
        1434
        1436
        1443
        1445
        1446
        1449
        1450
        1452
        1475
        1477
        1478
        1481
        1482
        1484
        1587
        1589
        1590
        1593
        1594
        1596
        1619
        1621
        1622
        1625
        1626
        1628
        1635
        1637
        1638
        1641
        1642
        1644
        1683
        1685
        1686
        1689
        1690
        1692
        1699
        1701
        1702
        1705
        1706
        1708
        1731
        1733
        1734
        1737
        1738
        1740
        2355
        2357
        2358
        2361
        2362
        2364
        2387
        2389
        2390
        2393
        2394
        2396
        2403
        2405
        2406
        2409
        2410
        2412
        2451
        2453
        2454
        2457
        2458
        2460
        2467
        2469
        2470
        2473
        2474
        2476
        2499
        2501
        2502
        2505
        2506
        2508
        2611
        2613
        2614
        2617
        2618
        2620
        2643
        2645
        2646
        2649
        2650
        2652
        2659
        2661
        2662
        2665
        2666
        2668
        2707
        2709
        2710
        2713
        2714
        2716
        2723
        2725
        2726
        2729
        2730
        2732
        2755
        2757
        2758
        2761
        2762
        2764
        3123
        3125
        3126
        3129
        3130
        3132
        3155
        3157
        3158
        3161
        3162
        3164
        3171
        3173
        3174
        3177
        3178
        3180
        3219
        3221
        3222
        3225
        3226
        3228
        3235
        3237
        3238
        3241
        3242
        3244
        3267
        3269
        3270
        3273
        3274
        3276
         823
         827
         829
         830
         855
         859
         861
         862
         871
         875
         877
         878
         919
         923
         925
         926
         935
         939
         941
         942
         967
         971
         973
         974
        1335
        1339
        1341
        1342
        1367
        1371
        1373
        1374
        1383
        1387
        1389
        1390
        1431
        1435
        1437
        1438
        1447
        1451
        1453
        1454
        1479
        1483
        1485
        1486
        1591
        1595
        1597
        1598
        1623
        1627
        1629
        1630
        1639
        1643
        1645
        1646
        1687
        1691
        1693
        1694
        1703
        1707
        1709
        1710
        1735
        1739
        1741
        1742
        2359
        2363
        2365
        2366
        2391
        2395
        2397
        2398
        2407
        2411
        2413
        2414
        2455
        2459
        2461
        2462
        2471
        2475
        2477
        2478
        2503
        2507
        2509
        2510
        2615
        2619
        2621
        2622
        2647
        2651
        2653
        2654
        2663
        2667
        2669
        2670
        2711
        2715
        2717
        2718
        2727
        2731
        2733
        2734
        2759
        2763
        2765
        2766
        3127
        3131
        3133
        3134
        3159
        3163
        3165
        3166
        3175
        3179
        3181
        3182
        3223
        3227
        3229
        3230
        3239
        3243
        3245
        3246
        3271
        3275
        3277
        3278
         831
         863
         879
         927
         943
         975
        1343
        1375
        1391
        1439
        1455
        1487
        1599
        1631
        1647
        1695
        1711
        1743
        2367
        2399
        2415
        2463
        2479
        2511
        2623
        2655
        2671
        2719
        2735
        2767
        3135
        3167
        3183
        3231
        3247
        3279
        1808
        1824
        1856
        1920
        2832
        2848
        2880
        2944
        3344
        3360
        3392
        3456
        3600
        3616
        3648
        3712
        1809
        1810
        1812
        1816
        1825
        1826
        1828
        1832
        1857
        1858
        1860
        1864
        1921
        1922
        1924
        1928
        2833
        2834
        2836
        2840
        2849
        2850
        2852
        2856
        2881
        2882
        2884
        2888
        2945
        2946
        2948
        2952
        3345
        3346
        3348
        3352
        3361
        3362
        3364
        3368
        3393
        3394
        3396
        3400
        3457
        3458
        3460
        3464
        3601
        3602
        3604
        3608
        3617
        3618
        3620
        3624
        3649
        3650
        3652
        3656
        3713
        3714
        3716
        3720
        1811
        1813
        1814
        1817
        1818
        1820
        1827
        1829
        1830
        1833
        1834
        1836
        1859
        1861
        1862
        1865
        1866
        1868
        1923
        1925
        1926
        1929
        1930
        1932
        2835
        2837
        2838
        2841
        2842
        2844
        2851
        2853
        2854
        2857
        2858
        2860
        2883
        2885
        2886
        2889
        2890
        2892
        2947
        2949
        2950
        2953
        2954
        2956
        3347
        3349
        3350
        3353
        3354
        3356
        3363
        3365
        3366
        3369
        3370
        3372
        3395
        3397
        3398
        3401
        3402
        3404
        3459
        3461
        3462
        3465
        3466
        3468
        3603
        3605
        3606
        3609
        3610
        3612
        3619
        3621
        3622
        3625
        3626
        3628
        3651
        3653
        3654
        3657
        3658
        3660
        3715
        3717
        3718
        3721
        3722
        3724
        1815
        1819
        1821
        1822
        1831
        1835
        1837
        1838
        1863
        1867
        1869
        1870
        1927
        1931
        1933
        1934
        2839
        2843
        2845
        2846
        2855
        2859
        2861
        2862
        2887
        2891
        2893
        2894
        2951
        2955
        2957
        2958
        3351
        3355
        3357
        3358
        3367
        3371
        3373
        3374
        3399
        3403
        3405
        3406
        3463
        3467
        3469
        3470
        3607
        3611
        3613
        3614
        3623
        3627
        3629
        3630
        3655
        3659
        3661
        3662
        3719
        3723
        3725
        3726
        1823
        1839
        1871
        1935
        2847
        2863
        2895
        2959
        3359
        3375
        3407
        3471
        3615
        3631
        3663
        3727
        3840
        3841
        3842
        3844
        3848
        3843
        3845
        3846
        3849
        3850
        3852
        3847
        3851
        3853
        3854
        3855
